10214 10232
11397 10586
10402 10525
9873 9768
10514 10715
9838 10903
11272 10467
10548 10511
10825 10038
10215 10798
10942 11325
10563 10948
11453 10342
10458 10147
10347 11307
10105 9973
11427 11388
11297 10202
11386 11066
10696 10521
10912 10802
10208 11275
10690 9761
11232 10061
11010 10485
10345 10152
10900 9935
11209 11143
10637 11250
10011 9929
10000 10397
9874 11182
10033 10571
10910 10644
11485 10409
10719 10523
10160 9787
10939 10712
10603 10853
9846 10992
11227 11531
11486 10868
9745 10117
10606 10878
10178 10887
10440 9978
10329 10278
11343 9986
9803 10279
11229 9851
11258 11047
10319 11406
10813 10157
11416 9738
10069 10572
10261 10493
10594 11180
9889 11452
10880 11350
10537 11274
10625 9988
11243 11297
10206 11123
11103 10497
11451 10386
10190 11023
10508 10672
11080 10455
10786 10055
10044 10375
10746 9873
11202 11420
10498 9758
10302 10002
10334 9920
10890 10189
10609 11207
9794 10759
10889 9985
11188 10760
10876 10993
11101 10912
9999 11229
10757 10221
11406 10681
9799 10998
11402 11355
11266 10246
10477 10212
10115 11438
9877 10751
9980 9834
9896 10468
11513 10254
10290 11302
9834 10032
10569 11069
11340 9721
11074 10554
10042 11192
11354 10454
10905 11012
10285 10105
10728 10072
11382 10389
10041 10264
10080 10822
9949 10581
10555 11374
10565 10682
11467 11520
10801 10588
11116 10338
10620 10579
11267 10669
11281 9717
11380 10081
10286 11237
10307 11362
10580 9766
11432 10247
10665 10417
11452 11292
10793 9976
10952 10918
10817 10741
11081 10812
10787 11202
10651 11147
10703 10023
11317 11401
10221 11301
10682 10648
10339 10333
11446 11039
9947 10973
10540 10183
9744 10627
11268 9848
11315 9792
10155 10996
11002 11398
11352 10100
9941 10446
10981 10074
10564 10785
11523 10947
11323 10048
11197 10691
10112 11282
10765 11184
9843 10857
10207 11529
11348 9836
11008 10486
11449 11070
11182 9891
9742 10075
10381 9743
10232 9881
11062 9952
10406 11365
10173 9739
10638 9733
10522 10899
10021 10983
9841 10950
10567 10294
10849 11442
10712 11475
10639 11130
10120 11459
10336 10904
10288 10449
11377 10288
9875 11366
10616 10423
9852 10909
10561 10666
10899 10858
10110 10695
10627 10396
10322 10856
11413 11372
11265 11286
9766 10414
11150 9737
10469 9762
11135 10640
10553 9810
10158 11526
10392 10577
10282 10408
10056 11538
10078 11158
10938 11108
10034 10054
10416 10223
10759 10153
9765 9807
11263 9802
10209 10729
11255 10560
11126 10524
11098 10509
10766 10236
10820 11011
10114 11400
11011 10505
11169 10833
11005 10165
10926 11428
11225 10452
10354 9803
10842 11373
10072 10425
11063 11508
9976 10388
11519 10319
10065 11536
11295 11056
11369 10253
11144 11200
10931 11386
10106 11263
10338 10663
11292 11120
11515 9769
10738 9835
9935 10532
10468 10818
10089 10809
10557 11125
11302 9970
9817 10393
10022 9956
10807 9908
10388 10720
10002 10598
10945 10963
10379 11522
10134 10891
11294 10599
10028 9816
10866 9726
11435 11258
10782 11226
11282 9871
10036 10453
10230 10970
11036 11318
10259 10836
10412 10652
9801 10522
9895 10405
11069 11390
11376 10186
10626 10852
11313 10515
10671 10199
10273 11106
9891 10893
11143 10795
11099 9949
10887 10898
10014 10926
11023 10620
10729 10817
10045 10193
10426 11095
10315 9994
9944 11046
11083 10742
9994 10249
9900 11254
10669 10091
10634 10304
10653 10191
10004 10938
11431 11440
10330 10546
10772 10148
10536 9884
10916 9923
9756 9854
10085 10792
10444 10327
10459 10634
9894 9961
10777 10411
11153 10427
10806 10379
10898 9931
11466 11409
11056 10318
9819 10041
10636 9719
11422 10140
10958 10745
9948 9840
10812 10604
10596 10896
11118 10645
11185 10886
10975 9918
10630 10084
10944 10090
10375 11048
10135 10717
11445 9725
10394 9824
10612 10925
10213 10325
10427 10804
10217 11234
9940 10654
11441 10819
10258 9894
10575 11379
10999 9948
9833 10066
10878 11194
10980 11218
11087 10150
10707 11007
10018 10592
11304 10686
9888 10383
10309 10128
10815 9907
10257 10336
11054 10900
10096 11308
10803 9962
10324 10653
9955 10502
10675 10575
10435 11369
10771 11321
10313 9982
10505 11219
9870 10901
10986 10784
10618 11009
10062 10443
10188 10632
11356 11338
10751 10797
10252 11037
10246 10234
10883 10906
11507 10869
10781 10923
10966 11487
10413 11443
11007 9749
11425 11463
10475 10071
10752 10315
10654 11160
10136 11100
11228 11110
10333 10768
9901 10710
11518 9875
9788 11539
10957 10009
10001 9919
10266 11139
10699 10300
10140 11013
10176 11354
9864 11206
10425 11439
10652 10022
10100 11019
11455 10403
11129 9883
9930 10093
9958 10790
11078 10214
10542 10985
10985 11482
9887 9788
10747 9900
10429 11028
10272 9815
10973 11384
9836 10841
11269 10537
9760 10510
11517 11352
9863 10263
11444 10143
10993 10975
10201 11096
9869 11296
10960 10126
10577 11489
10393 11210
11400 10667
10197 11122
9937 10908
9786 10987
11539 10307
11391 10680
10384 9996
10576 9789
11203 10357
10172 10766
10589 10778
10673 9877
10131 10949
10383 11467
9954 10601
10395 10550
10695 10407
10743 9928
11490 9760
9755 11082
10686 10131
11426 11448
11404 10358
9989 11203
10490 10595
10913 11137
10081 11333
11335 11071
11114 10831
9844 10622
10405 10777
10992 11376
10964 10372
9790 11424
11280 10067
11463 11395
10680 10867
11166 11404
10648 11215
11211 9843
11044 10997
10092 10352
9886 10765
10811 10050
10920 10787
11176 10544
9717 10618
10534 10024
9984 10070
10692 10658
9965 11417
10127 9880
10965 10647
11511 10252
9966 10961
10428 10608
11156 11155
11430 9735
10046 10769
10327 10966
10031 10685
11251 10432
11019 11266
11479 11188
11050 9955
10515 10979
10166 9939
9922 10788
11039 11402
11208 11016
10449 10683
9943 10976
11127 10847
10778 10106
11366 10483
10566 10735
11447 10328
10195 9849
11027 10820
11291 10895
9942 10441
10451 11293
10149 10466
10156 10049
11393 11277
10971 9764
10732 10130
11192 10134
9839 9814
11522 10865
10933 10435
10010 10885
10963 11419
10547 9977
11410 10805
10633 10920
10103 9866
11003 10723
10574 11305
9827 10340
10163 10137
10077 11426
9752 10037
11164 10496
10544 10440
11473 10744
10139 11152
11533 10059
10467 10046
11462 11445
10698 10080
11388 10005
10736 11430
11073 9838
10737 10974
11131 11391
10597 11097
9854 10218
10342 11466
10867 10034
10856 10706
9936 10168
10263 10590
10141 10547
10297 10415
11408 10688
10828 10611
11145 11458
9902 10739
11525 9829
10233 9755
10380 11134
11155 10743
10060 10540
10082 10399
10655 11059
11110 11054
9746 10746
9809 10552
10276 11516
11171 11416
10674 11347
10291 10299
11152 10276
11216 10451
11433 11181
11528 10031
10840 11303
10550 10498
11108 10255
10860 11528
10510 9773
10279 10057
10180 10646
10591 9830
10238 11198
9904 11169
10262 10456
11512 10395
10723 11093
11196 10561
11285 10854
10706 11242
10621 10972
10024 10978
11133 10257
11033 10097
10656 11486
11020 10004
10079 10613
11384 10539
9992 10368
10494 11114
10037 11450
10967 9947
10799 9932
10735 10679
9822 10916
9776 10565
9720 10017
9914 10176
11287 10791
11170 9853
10373 10472
9997 9767
10994 10461
11434 11479
9967 10964
11374 10114
10256 11119
11361 10460
11012 11299
11165 11126
10398 10088
9718 11253
9903 10052
9977 10684
11289 10578
10305 9938
9810 9790
10610 10064
11095 10076
11154 10551
9820 10406
10126 10596
11458 9794
10590 10597
10808 11163
10607 10463
11032 10531
9795 10761
10293 10716
10438 11083
11090 11408
10524 10740
9735 11340
11162 10303
10730 10228
11113 11061
10511 10364
10415 11427
11014 10815
10681 10593
11042 10424
11336 11178
9724 11415
11332 11224
10854 11518
11345 10825
11028 10355
9806 11392
11491 10118
10907 10516
11022 11038
11540 10670
10845 10177
11387 11284
11052 10861
9731 11121
11220 10265
9993 10316
10951 11257
11094 10155
10123 11342
10853 10026
10718 11441
9787 10935
9931 10811
10340 10808
11041 10149
11201 10175
10182 10151
11499 10382
10351 11136
10360 9888
11147 11031
9951 9930
9798 11103
11279 11363
10343 9826
10558 11304
10368 11460
10370 9936
9998 10545
11419 9860
11321 11090
10485 11087
10579 10431
10099 11205
9807 10370
10792 10678
10904 10334
11068 10828
11508 10969
10177 9747
10472 11024
10198 9746
9824 11239
10839 11133
10979 10606
11181 11332
10411 11003
11337 11273
11189 9744
9866 10933
11535 10164
9910 10272
10055 11474
11234 11115
10791 11399
10061 10989
10932 10610
11423 11026
10165 10092
9804 9808
10587 10445
10528 11261
11319 10955
10084 9943
11299 10781
10568 10758
10244 11017
10950 10776
9748 11468
9826 10016
10250 11510
10762 11052
10344 11431
10281 10617
10761 9913
10767 10880
10483 10582
11498 10101
10237 10907
10299 10000
10052 11030
10666 10944
9974 11236
10169 11034
11349 11367
10216 9752
9808 10826
10763 10239
9757 11339
10017 9795
10788 9809
9915 11291
10088 10956
10476 9887
10962 10133
10559 10664
10592 9844
11420 9771
10228 11371
11399 11300
10348 10051
10387 10832
11456 10871
10242 11001
11306 10306
10879 11041
10268 11330
10148 9855
10754 11513
10869 10390
10871 11081
10443 10915
11194 11279
10157 11149
10833 10394
10521 11014
10582 9831
11077 11189
11389 10008
10332 11259
9738 10047
9861 10530
9979 10020
10296 11491
10519 10010
9917 10727
11102 9903
10552 11076
10862 10006
10191 10033
11529 9806
9927 11298
10599 11425
10509 11511
11053 9753
10855 10671
10474 11341
10977 9839
11064 11323
10507 10562
10541 10573
9783 11449
10461 10201
11045 10413
9770 11504
11241 11434
11214 10870
10800 10416
10497 10376
11383 10187
11411 9775
11298 10225
11089 10931
9793 10121
11235 10160
10843 10557
11311 9937
11342 10001
10341 10698
9990 11502
10125 11411
10600 10484
10116 10192
10819 10724
10312 11154
10972 9858
10350 11157
10844 11128
10816 11074
11329 11353
10857 10420
10185 11393
9818 11104
11394 9729
9771 10835
10604 10850
10430 9745
10969 10927
10911 9987
10546 9933
11071 10029
11115 10309
10378 10624
10204 10556
11448 10991
10064 10211
10850 10771
10684 11476
9784 10135
9728 10757
10882 11105
10917 10219
10318 11022
10016 10793
9730 9750
10038 11018
10026 10163
10129 10391
10679 10910
10070 9812
10463 10056
9991 11262
10075 10570
10885 10240
10758 11324
9782 10559
10734 11232
10838 10673
10492 10197
10359 9898
10940 11029
10048 11525
10503 10701
9883 10077
10731 10062
10796 10158
11233 10674
11476 10482
10982 9989
11385 9741
10824 10238
9881 11264
9959 10844
10361 11153
10013 10512
10608 10693
9929 11209
11326 11146
9823 11533
11482 9922
11173 11534
11271 10914
10646 9759
10465 11214
10619 11464
10863 11141
9853 10042
11018 11523
10953 11079
11270 9852
11213 10894
10470 10734
9945 9718
10822 11469
11493 10374
10585 11326
10023 10638
9816 10198
11199 10750
11367 10007
10495 10250
10827 11349
9859 11065
10104 11432
11359 10492
11424 11288
10532 11314
11067 10786
9829 10311
11177 10226
11360 10285
10186 11223
11159 11478
11049 9770
10713 10913
11322 10353
9964 10220
10750 10045
11484 10803
10074 9845
10043 9980
9789 9893
10875 10651
10789 10371
9758 10699
10471 10662
11219 11535
10873 11220
10685 9813
11277 9886
11312 11173
11257 10937
9928 11176
9983 10287
9815 10513
11122 11252
10203 10864
10433 10271
11314 10063
10683 11035
10525 11498
10487 10762
11252 10504
9805 10702
11459 10629
10464 11492
9987 10977
10504 10538
10529 11456
10460 10274
10300 10305
10611 10519
9905 11429
11021 11287
10409 10754
10400 11457
9780 11346
10941 10297
10401 10600
9857 10543
10891 11072
10385 11361
11470 11271
10749 9945
9830 11512
11230 10098
10235 9763
10896 10107
10884 10436
11180 11494
11109 10343
10184 10442
10396 10473
11231 11320
10711 10884
10847 10796
9850 10322
10720 11316
9923 10875
10455 10030
10154 10282
11327 10122
11244 10166
10691 10503
9953 11327
11148 10145
10212 11000
10949 11228
10821 10053
10697 10829
11288 11435
10903 10381
11120 10843
11454 11167
10526 10587
9924 11294
10775 10079
11149 9984
10701 9722
9933 10924
11222 10773
10739 11162
10501 10044
10562 11094
11440 10233
11396 11231
11091 10354
10234 11043
10693 10594
10456 9926
11489 11310
9934 11488
10058 10731
11066 9728
10275 10584
11142 11233
11477 9963
9865 11216
9848 10365
11375 11204
9961 11477
10988 11140
10337 10015
9812 11159
10432 10528
11112 10068
10672 10566
9885 11240
9775 10113
10101 11142
10650 10621
10369 10259
11504 10227
9897 10982
10776 11186
11215 10881
10948 10541
9960 11359
11017 10708
11283 10616
9849 10065
10516 10283
10365 10116
10990 11109
10688 10491
9813 10028
11417 10204
10481 9991
9884 10609
10645 9865
11527 11165
11398 11138
10741 9850
10170 10846
11405 10866
10130 9954
9970 10476
11200 10725
9952 9805
10325 11197
9872 9910
10897 9995
11121 11364
11514 11241
11043 10919
10211 10245
11390 11269
9957 10085
11333 9876
9939 10563
10264 9804
11273 9999
10724 11540
10439 11112
11210 11313
10187 11078
10705 11497
11474 10567
9727 10387
10983 10344
9879 10469
11246 10641
11339 10206
9768 11247
9840 9754
10785 10172
10571 10142
10153 9890
10802 10714
10831 9901
11096 10222
9946 10630
10482 10837
10804 10902
11217 11107
11130 10324
10301 10268
9871 10507
10790 10433
10225 11309
10335 9972
11119 9992
10491 9966
10066 11021
9779 10939
10466 10174
11324 9799
10059 11060
11184 11053
10628 10988
10113 11127
11480 9756
10709 10614
11146 10401
9740 10851
10974 10821
10602 10120
10029 11462
10496 10756
10457 10752
10716 10890
11195 10146
11128 11256
10837 11249
11301 9951
10588 10400
10859 11360
10989 9821
9845 11111
10363 10479
9892 10215
9733 11025
11330 11385
11305 10123
11167 10968
10223 9895
11141 11414
11309 9969
9732 10971
10500 10346
10133 10027
10823 11370
11238 10258
9995 10086
10424 10877
10109 9915
9749 10181
10662 11454
10615 10889
10708 10210
9909 10874
11038 11507
11237 11177
10919 11185
10200 11196
9792 11315
10995 11062
11218 11068
11256 9957
11381 10628
9972 10583
9767 11506
10595 11532
11079 10087
9785 11368
9982 11255
10445 11042
10040 10207
10663 11132
9925 9825
10908 10200
10760 11357
9860 9997
10769 11509
10774 11004
10583 11151
10725 11514
11325 10862
10025 10860
11262 10495
11026 10402
9716 10292
10226 10589
10314 10082
9956 11505
9862 10487
11261 10256
10642 9879
10830 9959
10267 11101
10222 10335
9985 11328
10391 11412
10779 11102
10102 10094
11341 10810
10991 10665
10366 10360
10744 10940
10984 11221
11293 10863
10631 9993
10726 11519
11471 10569
11353 11421
10959 10730
11061 10941
10051 10237
10371 10195
11207 10481
10520 10656
10623 10356
10593 9828
9835 9730
10614 10317
10220 11343
9968 11473
10486 10194
10224 10058
9831 10568
10649 10119
10935 10078
11248 9899
10780 11008
11316 10124
10076 10125
10512 10235
10660 11040
11368 9924
10770 10555
10181 10011
10414 10377
10480 11260
11139 10534
10517 10089
11183 9731
10358 10660
9847 11451
11379 11020
10240 11337
10274 9941
11024 10700
11461 10711
9868 10295
10323 10039
10670 10447
11059 9967
11107 11045
10145 10897
11030 9772
9811 11246
9926 9780
10192 10363
9975 11345
11186 10930
10499 11064
11338 9946
10390 10527
11223 10341
11136 10602
10239 11092
10364 10764
10386 10351
10836 10643
10205 10208
11084 10464
11051 11225
11247 11394
11296 11135
9769 11472
10937 11144
11076 9862
11006 10280
9908 11461
11364 10564
11488 10650
9773 10722
10146 11055
10397 10243
11206 9822
11205 11348
10407 10261
10643 11117
10437 11091
10742 10095
10367 10321
11117 11213
11040 9953
10700 10103
10668 10655
10826 9748
9721 11446
10893 11515
10030 10284
11088 11148
10403 10036
11347 10359
10202 9965
10352 10141
10071 11005
10124 9968
10841 11377
9856 11290
10362 10713
11494 10345
10150 10251
10107 10480
10852 10591
9919 10984
11290 11453
9981 11381
11438 11280
10410 10967
9778 11358
10936 10242
11378 10501
10601 10349
10399 11530
10613 11436
10647 11156
9899 10849
10714 10690
10417 11145
10864 9878
10661 10892
9867 10289
11516 10331
11401 10952
10677 10373
10489 11036
10573 9832
9736 10404
10304 10040
10311 10494
9719 10275
10308 10718
11163 10021
10183 11423
10093 11413
11496 10185
10087 10917
10527 10378
11178 10612
11465 10281
10632 10954
10245 11336
10019 9971
11392 11278
10722 11161
10881 11471
10353 11380
10326 9847
10418 11503
11415 10960
11031 10936
10452 10705
11320 10474
11190 9889
10818 10266
11492 10827
11029 11085
11418 9783
10450 9868
11481 9964
11365 10144
9876 10412
10727 10326
10835 11227
10756 9777
11060 10839
10142 10500
10448 10965
11204 9785
9880 10840
10955 10209
10227 10767
10581 9950
10012 10626
11226 10763
9963 9914
10374 11319
10946 10642
10678 10347
10687 9742
10284 10922
10586 11010
10922 10659
10929 10772
9802 9942
11004 10639
9996 10012
11331 11493
11275 11470
10086 10848
10531 11289
10473 10574
10832 11265
11058 10102
11105 10637
10834 10770
10915 10934
10715 11267
10513 10437
11175 10438
10814 11270
10755 9892
9814 10470
9764 9909
11478 10499
10073 11002
10356 11480
10118 11244
11009 11407
10269 11483
10255 10205
10924 10136
11373 9833
9837 9820
10331 10855
11240 10605
11082 11044
9739 9818
10635 9724
10925 10946
9777 10230
9918 9872
10248 11295
9932 10842
11318 9765
10164 11027
10934 11281
11013 11499
10809 10014
11403 11212
9916 10789
11412 11183
10372 10162
10578 9841
9828 10154
10998 10824
11137 11166
11179 11084
10644 10434
11421 10490
11025 10350
10570 9823
11260 10323
11506 11199
10556 10635
10783 11080
10251 11500
10027 10330
10271 10823
10132 11455
11442 10615
11350 9912
10453 11248
9772 11403
11503 10747
11075 11283
11414 10110
11187 9981
10805 10548
10488 11073
11370 10631
10493 11334
10848 9864
11307 9925
11242 10488
11303 9791
10846 10073
10956 10704
9878 10161
10218 11344
10641 10928
11524 10132
10657 10421
11093 10003
10008 11375
11284 10689
10423 10951
10032 9940
10442 10830
10902 10580
10122 10293
10147 10127
9729 9896
10138 9983
10422 9736
11395 10696
10419 10661
10797 10980
10543 9774
10278 10888
11174 11382
10598 9934
10295 9757
11501 11356
10518 10755
10865 11015
10901 10471
11429 10213
10624 11311
11104 9906
9912 11058
10694 10962
9893 10872
10168 11195
11358 10633
10978 11383
11065 10108
10484 10529
11160 10096
10068 10694
11495 11063
11310 11179
9747 11351
11034 10384
10997 11495
11460 9732
11357 10535
9906 11170
10976 10260
10927 11006
10909 10184
9858 10366
9907 9827
10247 10911
11510 10418
11351 9867
10009 11312
10928 11378
11286 9846
9825 10553
9855 10514
10874 11088
10572 10478
10137 10410
11236 11331
11172 10945
10622 10585
10376 10262
10753 10229
11530 10990
10554 11322
10316 10392
11245 10905
9920 10369
10947 9998
9938 11116
10231 10692
11151 10794
10292 10721
10128 11099
10733 10709
9751 9798
10162 9837
9761 9842
10047 10286
10549 9734
9800 10459
10584 10800
10659 10783
11138 11306
10872 10450
9725 11129
10289 10801
11015 9782
10241 10203
11531 11335
10667 10520
10294 11444
10447 10943
10057 10462
11468 10115
10280 10619
10063 9921
9797 10367
10054 9974
9921 10182
10091 10320
10784 10298
10194 10448
11046 10099
10539 10959
11526 10112
10050 11405
11250 9990
10717 9801
11100 10277
11278 10217
10175 10224
11092 10677
10914 10806
10193 10241
11436 10296
9832 9800
9913 9786
10930 11245
9734 10834
10306 9793
10229 9857
10506 10728
10810 9917
10420 10774
9911 10180
9796 11222
10710 9720
10003 11201
9781 10883
10745 10882
10277 10986
10798 9975
10545 10657
9722 11211
11505 9979
11469 9727
11132 10707
10167 11272
10270 10649
10260 9960
9851 10623
10159 11465
9978 10999
10253 11447
9750 10636
10243 11496
11168 10439
10355 11527
11487 10518
11500 11187
10858 11285
10617 11433
10179 10139
10523 11150
10408 10536
10151 9859
10389 10339
11520 11032
10189 10302
10535 10981
10117 10422
11534 10814
10605 10348
11274 10216
10349 10138
11124 10726
11048 11276
11106 11217
10421 10549
11346 9911
9890 10753
10551 11118
11472 10779
10640 10576
9973 11077
11086 11033
9969 9897
11047 9885
10382 9817
10171 10929
10560 10775
11371 10457
10152 11050
10210 10995
11475 9869
10090 10025
11450 9863
10895 10838
11191 9916
10007 10430
9754 10111
11355 10109
11097 10314
11362 10385
10436 10312
10851 11389
9821 10426
9774 10332
10795 9904
10020 10879
11125 10270
10773 11501
10870 10018
9971 10873
10441 10428
10249 10188
10943 10361
10721 9856
10704 10290
11157 11251
11502 10994
10119 10465
11037 10167
9962 9781
9743 11175
10098 10060
10702 11171
11212 10380
10320 9716
10968 10156
10996 9778
9762 11067
10287 11537
10446 10558
11509 10178
10454 10845
11308 9870
9950 10419
11259 11190
10298 11089
10317 11517
10987 10957
10764 10687
11085 11051
11443 10308
11057 10013
11158 11524
10689 9796
10794 10603
10310 9944
11264 9779
9753 10508
9723 9797
11070 10816
9986 10129
10970 10269
10768 9874
11016 10958
10006 10697
10053 10876
10035 10310
11161 10267
10861 10475
10254 10668
10067 10506
11239 11131
11334 10737
11537 9958
10357 11329
11253 9776
9988 10169
10868 10780
11464 11317
10434 10244
10462 10517
10954 10173
10829 10083
10961 11113
11497 9723
10431 10444
9737 11049
10144 10675
10111 11243
11198 11268
9763 10782
10097 10807
11001 10398
10283 11057
10095 10159
11055 11490
10377 10953
11140 9811
11111 10171
9741 9751
10303 10043
11409 10703
11521 11230
11035 10533
10121 10719
9759 10736
10538 10170
10918 10458
10877 11174
11123 10738
10892 11397
10664 10542
11276 10489
10346 10932
10049 10429
10894 10799
11344 11484
11249 11238
10236 9902
10161 11098
11457 10477
11072 11387
11532 9905
10888 10273
10478 11075
9842 11410
10143 10291
10740 11191
10321 11168
11134 11193
11483 10859
11372 11164
10328 10179
10886 11481
10658 10248
10199 10942
11254 9861
10906 10019
11221 10104
10039 10526
11000 9784
10265 11422
10015 11086
10629 11235
10533 9819
10083 10732
10005 11521
11536 10337
9791 9740
11439 10301
11363 10813
11193 11396
10530 10733
10174 10069
11300 10625
11538 10749
9726 9927
9898 11485
10502 10329
10108 10607
11328 10231
10923 10313
10404 10035
11224 10190
10219 11172
10479 11124
11428 10362
10094 11208
11407 11418
