9741 11044
9782 9784
10832 10307
10225 10924
10130 11329
11066 10739
10316 11248
10602 10494
10508 10184
10017 11138
10103 11446
10262 9968
10033 11309
10328 10495
10062 9857
11074 11468
11049 9821
11113 11494
10885 10160
11147 10648
9901 10563
10194 10576
10948 10002
10651 11524
10326 11455
10644 10595
10263 10463
9820 10954
9788 11517
10038 11076
10361 10331
10492 11230
10452 10429
10031 11213
10451 10261
9966 10389
11137 10188
10887 10690
10197 10167
11155 10701
11536 10522
10080 9902
10732 10935
9924 11139
10950 10215
11391 11305
11232 11253
10175 9748
11439 10784
10966 10742
10566 11515
11463 10517
10198 10033
10288 10849
10212 9956
9980 11069
11356 10867
10354 10967
10570 10207
10575 10819
10239 11410
9923 10318
10400 10053
11360 10626
9731 10143
11085 10201
11450 11477
10459 10226
10740 10369
10282 10601
11488 10587
11190 11003
10365 11478
10725 9884
10332 10472
11246 11322
10796 10299
10276 11458
9774 10762
11336 11159
10377 9935
9941 10486
10414 11149
10909 10956
10903 10190
9928 11360
11293 9843
10004 10105
11060 10244
10259 11164
11141 11449
11478 11338
10769 10159
11034 10611
10475 10138
9763 11450
11316 10132
10681 10772
9917 11297
10195 10881
9842 10059
10766 10074
9721 10982
11516 9781
10601 11520
11363 9927
10445 10134
10081 10176
9938 10001
9799 11426
10100 10894
10108 11328
11243 10662
10527 9788
10078 10115
9995 11505
9760 10687
9931 10434
10032 10862
10693 11169
10427 11292
10957 10752
9723 11238
9735 9718
9873 9889
11224 10041
10347 10000
11124 11334
10364 9755
9991 10185
10334 10753
10772 9896
10418 10656
10476 10864
11121 11367
10645 9832
10055 10396
10304 10471
10309 10889
9830 11270
10202 10566
10561 10284
10881 10608
9771 9726
11008 10456
10975 11500
11014 9866
10983 10782
9951 10366
9835 11389
10071 9937
10717 10249
10890 11056
11171 10636
10077 11516
10864 9769
11247 11181
10820 11379
9962 11539
10417 10755
10412 11296
10923 10983
10866 10297
10763 10153
10727 10083
10729 9995
10064 9851
10409 10886
9751 11444
10026 10821
10999 10633
9888 10705
10265 9862
10301 11368
10816 11256
11258 10732
10822 10823
10842 10427
10145 10492
10694 11110
10738 10985
10187 10137
10369 10455
10993 11438
10446 10511
10839 11103
10698 10073
10597 9877
9791 10454
11338 10893
10154 9966
10891 10726
11263 10926
10192 10247
10279 9722
11175 9923
10606 11119
11376 11041
10397 10131
9850 10082
11325 11513
10335 10478
10110 10581
10018 10300
10878 10655
10286 10868
10954 10446
9768 9812
10240 11483
10739 10013
11195 9720
11061 11299
10780 9740
11158 9991
10441 9734
9922 11193
9761 10908
10502 10805
9857 10715
11241 10845
11466 10212
10367 10251
10066 10444
10123 9990
9903 10838
11340 10579
10742 10479
10613 10704
9854 10971
10251 9964
11357 11280
11143 10090
11012 9744
11358 11392
10913 9976
11494 11374
10695 10085
11373 11255
10853 10438
10599 11192
10936 11265
9762 10757
9814 10885
9947 11006
11502 9893
11370 11311
11501 9963
10786 10314
9945 10409
11154 9970
10483 11184
10767 10466
9960 10973
10129 10023
11208 9805
11018 10295
10967 11534
11454 11247
10631 10722
11324 10795
11305 10218
11515 11540
9813 9793
10477 10480
10469 9818
10457 9756
10753 10799
10213 11195
10840 9960
10861 11030
10132 11101
11160 11454
10325 9899
11128 9912
10453 11037
11188 10290
10297 10672
9812 10011
10204 10111
10953 11083
10809 10119
11314 11001
10952 11343
10906 10266
10567 9871
10109 11092
11396 10045
11156 10203
11050 10328
11276 10857
10589 10102
10179 11212
11011 9717
11401 10932
10770 10368
10588 11121
10916 11009
9734 10600
10771 9844
10449 10035
10813 11074
10965 10850
11278 10533
11260 10642
10823 10373
11333 10334
10495 10204
11146 10381
9937 10562
11534 11154
10595 10421
11226 11162
10165 10606
10721 10238
9748 10061
10746 10817
11378 11385
10324 9736
11444 10055
10185 11358
10656 11482
10118 10122
10541 10989
10774 10946
11233 10018
11382 10254
10037 9867
11031 10723
9736 10164
10214 10844
10384 11214
11187 11215
9895 10802
10474 9898
9833 11378
11408 10248
11030 11137
10731 9796
10902 11025
10333 11519
11231 10618
10006 11433
10735 10801
9718 10065
9971 10136
11196 9741
10544 10273
11332 9955
10761 10831
10147 11252
11512 10093
10585 11148
10375 10475
11240 11133
10292 10183
10044 10743
10857 10077
10053 10351
10054 11080
11417 10923
9778 11132
11042 11031
10688 11166
9909 10621
10016 9932
10063 9808
10947 10992
10410 11266
9722 10596
11407 10282
10009 10477
10193 10878
11347 11249
11029 9733
10827 9895
11352 10637
9911 9936
11355 11390
11261 9951
9906 10928
11089 10697
10122 10071
11016 11053
10208 10796
11483 11277
11072 10792
10737 10026
9979 11302
10136 11236
11361 10189
10306 10839
10019 11365
10970 11085
11288 10231
10160 10843
9898 9957
9728 11293
10663 9928
9952 11498
10778 11453
11414 9887
10428 10064
11436 10638
11334 10367
10547 9888
10500 11344
10496 11439
10036 11420
11100 10594
10652 10681
11041 10765
10413 10803
10630 10918
10022 10301
11207 10586
10520 10754
10733 10512
10654 10007
10370 10516
10012 9833
10554 11298
11433 10537
11538 10856
11197 10599
10242 10550
10904 10246
11122 10100
11169 10610
10988 10829
11092 11422
11032 11173
10537 11471
11381 11054
10070 10387
10616 11066
9724 10070
9915 9967
9990 10505
11228 11371
10507 9880
9887 9824
11036 10693
10293 9859
11413 9786
9837 11434
9838 11428
9983 10020
10680 10270
11136 9924
10576 11457
11299 10294
10450 10405
10270 9933
10151 10706
10360 10677
11443 10684
11079 11387
10111 10559
10073 10068
11167 11000
10779 10628
10337 11383
11217 11497
10662 11246
10978 9801
11326 11406
9740 10418
10168 10961
11343 10365
10540 10420
11063 10657
10555 10899
10093 10875
9841 10617
10379 10876
9965 10620
11126 9753
9954 11072
10963 9760
10708 9773
9729 10591
11510 10682
9803 11165
9818 11485
9872 10021
9985 10148
10142 9894
11523 10612
10557 10827
10581 10700
9940 11323
11509 10265
10272 9975
10977 11188
9997 11315
9856 10467
10750 9759
11177 11163
10201 10220
10207 9849
10571 10812
11508 9791
10124 10496
11161 9828
9840 10583
9864 10952
10922 10379
10964 10810
10871 10233
10040 10390
10191 10585
9992 11146
11458 11047
11268 11472
10699 11467
10865 10903
10177 10761
10269 10664
9746 11275
10178 10818
11015 11289
10958 10561
11248 11100
11152 9992
10001 11501
11165 9994
9981 11301
10319 11352
10280 11179
9974 10408
10744 11096
10416 11518
10264 9865
10784 10544
9869 10358
10358 10835
10133 11278
11191 11098
10528 11490
11521 11104
10473 9917
11269 9972
10692 10320
10844 10468
10959 10345
10808 11065
10802 10483
9859 9776
10640 9944
10987 10866
11265 11077
10442 9742
10787 11200
11110 11396
9801 10043
10565 10047
11166 11237
11359 10237
11266 10653
11052 10309
10303 10151
10107 10872
10393 11391
9989 10406
11457 11027
9964 9942
10876 10631
11070 10577
10798 10493
10805 10075
10529 9777
11532 10890
10515 10323
11287 11125
10938 10794
9785 10542
10574 10820
11397 10958
11144 11245
10799 9946
10470 9743
11071 10763
9796 10970
9998 9730
10461 10353
10115 10124
9953 10991
9824 10349
11354 11250
9787 10031
11164 11109
11107 10666
11182 10914
11272 10200
10819 11373
10619 10806
11441 10578
10052 9763
11505 11291
11238 11398
10752 10123
11075 9774
10704 9919
10558 10010
10352 10269
10105 10097
10462 9904
9921 10433
10217 9761
10929 11288
10321 9823
10562 10052
10879 11091
10982 9911
10785 11105
11471 11465
10901 10526
10605 11509
10607 10232
11028 10375
10556 11135
10481 10180
10944 10660
11330 9988
10563 10568
10996 11220
10560 11530
10002 11427
10927 9809
9858 10076
10831 11147
10776 10461
10984 10639
11192 9817
10981 11260
11429 10015
11307 11124
9889 10652
11081 10678
9766 11136
11475 10224
10743 10734
10979 10713
11153 11327
10829 10975
11513 10980
9809 10145
10349 9930
10920 10250
9797 11206
9805 9837
11047 9983
10524 11111
10020 11440
10167 10257
10706 10760
10870 11055
11398 11144
10236 9907
10104 10936
10243 11151
11394 9941
10804 10984
10380 10930
10308 10453
9732 11204
10620 10005
10075 9980
11098 10049
10172 11388
11322 10402
11470 10698
10221 11469
10931 10654
11440 10459
10287 9953
9972 10997
10604 10395
11427 10425
11387 10150
10678 9878
11393 10484
10402 10099
10478 10419
11020 11386
9780 10842
10336 10737
11489 9780
11145 11118
11520 11197
11432 10558
10648 10470
10076 10913
10149 10024
10391 10573
9798 10321
10765 11511
10374 11295
11138 11152
10882 11470
11410 10649
11162 9977
10421 10410
10084 10520
11013 9800
11216 10988
9819 10909
11493 10378
10533 11024
11234 10234
11335 9845
11101 10945
10503 10051
10166 11020
11235 10768
10433 10416
9822 11325
11215 10917
10182 11342
10490 10019
9987 10740
10754 11405
9957 11140
10096 11321
9916 9901
10395 9819
11482 10142
11186 10953
10144 9873
11087 9974
10095 11330
11073 11218
11323 9854
11392 11536
10266 11308
10867 10003
10883 10361
10061 11222
10463 10443
11180 9725
10291 11318
10932 10324
9795 10605
11039 11126
10322 11202
10634 10440
10467 10348
10363 10602
11511 10597
10946 10535
10668 11372
10158 11407
10702 11107
9886 10268
10855 9728
10350 10809
10387 11242
10724 10707
11057 11370
9955 9790
9802 10582
9793 10312
9757 11211
9853 9846
10373 11286
10256 11013
11048 10155
10542 11235
10603 11508
9827 10398
11416 9929
10848 10485
10722 11350
10487 11310
11366 10571
11252 10767
10312 10391
11368 10560
10484 10424
9973 11079
11362 9905
10590 10397
10847 10343
10863 9721
10003 10412
11291 10814
10253 9891
10314 11276
9770 10521
11142 10950
11093 11357
10934 10780
10621 9931
11185 11522
10355 10364
11451 10205
10436 10714
10980 11335
11149 10285
10646 10741
10755 10770
10852 11320
11375 10716
9781 10969
10034 10955
10582 9918
11384 11271
10850 10481
10781 11078
11517 10120
10671 10721
10472 10863
9920 9772
9877 10759
9963 9719
11170 10710
9865 10503
9918 11127
10826 9984
11404 10546
11481 11207
10815 11219
9786 11177
10174 11026
11309 10813
10720 10927
9925 9847
10900 10851
10224 10275
10673 10227
10976 11029
11078 10449
10974 11423
10480 10101
11080 10342
10083 10708
10489 10274
10139 10822
10941 9938
10356 10028
10559 10841
11497 10901
10535 10460
10534 10880
11203 11251
10536 11262
9926 11175
10090 9803
9927 10399
10641 10798
11449 10222
10432 10870
9829 11095
11522 10688
10257 11502
10859 10370
10812 10213
10868 9799
10915 10778
10968 10004
10420 10720
11279 10377
10126 10998
10594 10017
9765 10144
10814 9716
10892 10271
9934 10104
10295 11447
10058 10791
11134 10154
10801 11347
10072 10941
10030 9947
10382 9949
10896 9869
10447 11531
10592 10892
9949 11243
10155 10335
10482 11348
11058 11153
11465 10939
11000 10161
10703 10727
11403 11201
9959 10191
10275 10964
10346 10447
10113 10855
10189 11039
10261 10357
11067 11068
10024 11333
11239 11015
11086 10223
11130 10834
10211 11046
11490 10887
11400 9804
9779 11019
10464 11460
11329 10060
11477 10260
11172 11145
10268 11185
10353 9915
11005 9758
11349 10280
11204 9971
9725 11141
10398 9870
10862 10963
10386 10037
10180 10400
11445 10354
11415 9982
10138 10689
11222 11011
10435 9973
10171 10718
11168 9795
11421 10315
10097 11217
10114 9979
10025 9764
11506 10194
10471 10624
10637 11448
9930 10979
11174 11086
11533 11526
11056 9731
10102 10860
10546 11216
11405 10906
10943 11409
11105 10240
10917 11174
10424 11108
10719 10078
10057 9723
11419 11264
10659 9789
11163 10116
10636 11411
11442 9916
10200 10198
11230 10046
10116 10717
11395 10283
11339 10080
9984 9920
10971 9906
10343 9767
10181 10439
10468 11282
10898 10728
10060 10746
10465 10487
10955 11493
9896 10228
11310 10674
10707 11134
11082 11393
9932 10107
9942 10692
9759 10593
10728 10253
11537 10385
10385 11241
10493 9996
9844 10919
11104 10673
11353 11473
10023 11016
11255 11229
10094 10777
11123 10896
10658 11279
10488 9834
10399 10179
10274 11005
10962 10329
10341 9886
9975 9875
10949 10303
10531 10529
9755 10671
9839 10488
10049 10286
9767 11529
11129 11240
10516 11196
9776 10907
11253 11514
10015 10106
10216 11057
11290 10235
10811 11254
11379 10091
10005 10663
11485 10785
11114 9810
10440 11481
10795 10146
9950 10025
10258 10130
11127 10531
10596 10651
11377 10965
9808 10426
10045 10883
11017 10771
10405 10209
10660 10966
11285 11442
10331 11128
10101 11043
10106 11362
10345 10900
10091 10415
10294 11115
10689 9749
11464 10556
10267 10356
10760 9820
9716 11258
10626 11040
11096 9839
10255 11070
10041 10551
10310 11375
10762 10884
11102 10641
10907 11300
10615 10109
11448 10598
11257 9735
11426 10497
11157 10103
9816 11087
10894 11269
10289 10640
10241 10509
9956 10847
11006 10014
10730 10825
10134 10127
11385 10824
10593 9842
11227 10380
11282 10374
11351 11487
11183 11353
11200 10096
9811 10619
11468 10902
11245 11345
10215 11122
11264 11008
11007 10498
10711 9802
10296 9811
10074 11336
9902 10540
10396 9940
9907 11187
9999 11157
11350 10499
11479 9775
11484 9939
10220 10999
11313 10325
10608 10915
11091 10491
9919 11233
11254 10895
10583 11356
9847 10157
11303 10081
9846 10133
10723 10695
10579 11062
11259 10219
10846 10861
9892 10341
10302 10337
9890 10332
11304 10575
9891 10547
9879 10272
10837 11532
9958 10683
10415 11180
10854 10632
10657 10262
10930 10313
10768 10613
11053 10050
9943 11267
10629 10263
10633 10417
11211 10319
11097 9814
11273 11186
10961 11499
10994 10267
10068 10629
11108 10592
11399 11063
10229 11190
10609 9855
11529 10905
11524 10691
10378 9864
10035 11061
10448 10008
10431 11484
10691 10635
11229 11028
10512 9908
10873 11283
10713 10790
9936 11268
10245 10292
11054 10086
10248 11523
10317 11239
11372 10852
10623 9909
11277 10245
9913 10430
10519 10394
11472 9765
10099 11462
10564 10669
10884 11377
11173 10401
11496 10514
10548 10567
11469 9852
10456 10063
10137 10056
11202 11537
9912 9836
10388 9745
10140 11234
10521 10141
10716 10030
9910 10686
11033 11432
9874 9883
10545 11408
10199 11369
9880 10110
10362 11142
10029 10709
9756 10898
10897 11416
10372 11474
10162 11012
10320 10804
10860 10344
10307 10006
10121 11349
10525 10362
9871 11208
11106 11479
11447 10504
10491 10414
10159 9890
11044 10604
10007 10287
10000 10152
10810 10776
11503 10448
11133 11418
10696 10029
9772 10308
11526 10552
10323 10067
9826 11261
10079 10603
10749 10756
11388 10957
11420 10711
9775 9750
10152 11326
10841 10553
10460 10039
10014 11431
9810 10435
11040 10330
10238 11452
9733 10149
10526 11168
10437 10922
10617 10502
10928 11361
10543 10904
10806 10764
9817 10513
10942 10214
10371 10147
10635 10948
11181 10451
10578 10815
10935 10009
10223 10079
11491 11156
11088 10993
9784 11527
9897 10264
11206 11312
10043 10685
9843 10162
10366 9747
10404 10749
10443 10291
11409 10539
10937 11033
11120 10316
10065 10057
10924 11071
10833 11097
10687 11172
10690 10986
10777 11051
10745 10736
10911 10016
9868 11263
10311 10187
10439 10441
11179 9985
11331 10788
10247 10920
10726 10388
10877 11198
10912 10054
11402 11052
10682 10733
11210 10072
9860 10117
10237 11284
11103 11366
11346 11032
10298 10680
9815 10766
10532 10625
11214 9768
11300 9770
10997 11430
10514 10431
11297 11050
9899 11116
11452 11203
10339 9807
11090 11415
10838 10525
10845 11476
10497 11199
10751 10034
9994 11082
10143 10048
11289 11004
9894 10793
10444 10129
11022 9978
10919 10943
10205 11443
11084 10528
10591 10382
10600 10840
9852 10302
10647 10256
10344 10808
9993 11064
11474 10340
11148 10032
10572 11023
11209 10022
10783 9831
10789 10816
11184 10383
10010 11414
11438 10990
10886 11034
10455 11010
11219 10258
10300 11226
11455 9746
10705 11117
10235 11171
9744 10548
11189 10171
10517 10252
10889 11413
10683 9986
10710 11259
11025 10523
10069 10730
9742 11183
10757 11340
10498 11464
10422 11221
11476 10166
9743 9724
11256 10694
10290 9794
11337 11496
10550 10871
10807 10452
10618 11507
11125 10403
11212 10197
11315 10326
10170 10038
10394 9850
9848 10745
10509 10974
11150 10173
10945 9848
11539 9783
11004 10738
9969 10174
11194 10783
10685 10747
11535 10469
9861 10347
11422 9792
11140 10490
9792 10588
11498 10355
10843 10524
10150 10243
10392 11461
9828 11363
11010 10854
10972 11090
10628 11332
10067 10634
11386 11421
10614 10012
10655 11436
9727 10040
10622 11313
11487 11194
10407 10510
10173 10942
11037 10833
10271 10172
10425 11445
11514 11143
11109 10095
9862 10937
9750 10084
10141 10058
11425 10458
11530 10089
10254 11150
11365 10281
10782 9948
11504 9822
10161 11224
10135 11489
10790 10506
10430 10442
10357 10363
11308 9921
10008 11319
10639 10241
11198 10781
10759 10310
10551 10473
10505 10069
10791 11397
10222 10436
10128 11038
10793 10572
10741 9952
10518 10112
9881 11035
10494 11331
11418 11480
11038 10259
10835 10346
9831 10891
10584 11456
11306 11045
10818 9876
10164 10211
10674 10092
10587 11435
11001 11227
9948 10298
11383 11402
10990 9945
10666 9897
11076 10569
10632 11488
10163 10646
10426 9829
10998 10882
10183 11112
9986 11059
10327 10623
11456 10482
11460 11084
10530 9860
10089 10339
9783 10848
11051 10807
9834 11355
11221 11339
10677 10221
10273 10751
10338 10947
10027 10949
11311 10968
11077 10699
9790 10800
9773 10432
11462 9863
11021 10462
11099 10474
10039 11002
11244 10317
10914 9874
11178 11364
10612 9989
10800 9815
10653 9762
10206 10536
10925 10255
10888 10858
11292 11244
10376 10066
9893 10987
10992 11094
11296 10830
10825 11067
10186 10846
11525 9981
10466 9838
11275 9892
9866 10659
9752 11007
11115 10995
10250 11475
10086 10996
10085 10062
11176 10729
11371 10607
11270 10643
10260 10169
10856 11021
10411 10615
9769 9826
11083 10773
10088 10507
11480 11337
10638 11106
11284 10500
10758 11272
9970 10376
10858 10910
11068 11492
10047 9954
10718 9961
10522 10305
9884 10644
10569 9787
11094 11273
10830 11042
11201 10476
10817 9782
11045 11401
11139 10289
9908 11351
10313 11425
9758 9959
9939 10296
10383 9998
10244 11512
10985 10994
10794 11058
11342 11130
11461 9856
11294 10384
10277 10288
10510 11093
11151 10437
10429 10386
11446 10088
10573 10557
10278 9827
10669 9738
9977 10538
11500 10277
9946 11424
10351 10797
10715 9752
10281 10959
9867 9835
10028 10177
10700 11403
11434 11210
9749 10158
10893 9950
11274 9997
10568 9766
10773 10978
10661 9771
10359 9910
11507 11503
10756 10853
10549 10702
11019 11182
9961 9858
9978 10114
11281 10976
11267 11205
10013 10786
10146 11017
10011 11287
11317 9913
10381 10208
11344 10811
10219 10731
11486 10333
10210 10352
10082 9999
10709 10826
10874 11075
9875 11178
10849 10322
9754 9922
11320 11486
9904 10407
11519 10650
10127 9751
11301 10304
11367 10464
9777 11538
9745 11466
9726 11123
11389 10532
11492 10360
11531 10178
11435 9727
10233 10044
10226 10422
11237 11129
11223 10724
9944 10372
10918 11459
10624 10665
10190 10279
10969 11341
10285 10428
10736 9732
10511 10712
11117 10675
10828 10170
11250 10869
10228 11073
10406 10934
9737 11102
10642 10541
9717 10828
10649 10647
9832 9868
11527 10338
9804 11307
10021 9958
11159 10931
10821 10216
10956 10404
11118 9797
11321 10515
10184 10165
9905 10564
10670 11382
9870 9779
11318 10879
10712 10859
10486 10962
11298 10392
11369 11381
10905 11317
11199 10181
10788 10135
10042 10182
10246 11324
11055 10210
10552 10944
11345 11036
10131 11451
10506 11314
11428 10036
10986 11088
10910 10293
11467 10981
10048 11380
11027 11400
10627 11167
10169 10769
10539 10925
10318 10938
11220 10094
10299 10679
10734 11161
11312 10336
10479 9965
11116 11223
10368 11533
11380 11359
11251 10236
11131 10199
9747 10156
11026 10393
10305 10929
10389 11376
11390 10912
11249 10668
11213 10609
11283 11113
10284 11412
10991 11510
9855 9785
11111 10555
11406 10758
10803 10098
10408 11209
10342 9853
9863 11176
9851 10590
9988 10645
9825 11281
10252 11429
11002 10359
9996 10779
10458 9943
9982 10787
11262 10836
10056 10951
10454 11304
11132 10423
10098 10911
9807 10508
10973 10276
10087 10549
10051 10570
10580 10465
11528 9757
11540 10703
11218 10278
9730 10242
10834 10163
10995 9729
9836 10750
10764 11528
10340 9739
10895 10614
10485 10584
9933 10630
11518 10121
11135 11060
10960 11290
9753 11404
10050 10774
11286 11048
10664 10118
10625 10239
10880 11274
10434 11506
10513 10489
10209 10658
10797 10530
9738 11525
9800 10411
10665 9969
11302 10933
10120 10916
11023 10972
11328 11160
11374 11232
10234 11399
10714 10519
10499 9778
9976 10960
10092 11049
11095 10977
10926 11170
10792 10192
10315 10125
11236 10087
11271 9934
11411 11099
10939 11384
10686 11521
11319 11228
10872 10202
10501 11120
11430 10113
11043 10168
11205 11257
10390 10229
9968 10457
11119 9813
10951 11346
10684 11285
9883 10350
11364 10789
11499 10225
10643 10128
10650 10661
10989 9825
11069 9841
10046 11394
10851 9830
9967 9879
11412 10865
11473 10735
11003 11303
9823 11535
10697 10719
11242 11463
10875 9754
10403 11294
10523 10744
10675 9861
9794 10616
10672 11191
9719 9798
10156 10518
11341 11491
10176 10565
11046 10545
10330 11395
9914 11417
9720 11022
9935 11018
10423 10306
10747 9987
10908 10696
10231 10193
10504 10667
11065 10627
10586 10230
11112 9962
11423 10413
10232 11114
9789 11189
10227 9872
10329 11014
10538 9914
10153 10027
10438 9925
11062 10186
9806 10534
10577 10574
11035 10139
11424 9900
10836 10501
10775 11354
10869 10589
10598 10888
11431 10126
10824 10580
10553 11158
10283 9881
10230 10371
10899 11089
10125 10195
9876 10897
9764 10543
10348 9840
9878 10670
10117 11441
11064 10940
10203 11155
9739 11231
9845 10832
11280 10450
10059 10837
10419 10311
11327 10217
11348 10554
9929 9993
11009 9926
10249 11504
10933 10206
11059 10108
10611 9903
10401 11419
11459 9737
10679 10725
10188 10175
9849 11081
10112 10527
10148 11316
10701 9806
10610 10877
11193 10042
11295 10140
9900 10445
9821 11131
10218 9816
10119 10775
10157 10873
10940 10622
11453 10327
10667 11306
11024 10874
