9741 10040
10832 10584
11066 10118
10316 10536
10602 11300
10508 10317
10017 10047
10103 10920
10033 10540
10328 10585
10062 10245
11049 10936
11113 10188
10885 11259
10225 10906
9901 10214
10194 10895
10948 10501
10651 10718
10326 11124
10644 10157
9788 10324
10038 11032
10361 10847
10452 10260
11137 10542
10887 9919
10197 10053
11155 9930
11536 11230
10080 10767
10732 10858
9924 11321
10950 10478
11391 11271
11232 11146
10175 10673
10966 10610
10566 10384
11463 11277
10968 11170
10418 9852
10198 10991
10212 10410
11356 11113
10451 10078
10570 10581
10575 9909
10239 11453
9923 10788
11359 10466
11360 10524
9731 10091
11085 10924
11450 10424
10459 9942
10282 10298
11488 11173
11190 10101
10365 11388
10725 9813
11246 10617
11439 11273
10796 9828
10276 10072
9774 9987
9941 10514
10909 11057
10903 10715
10259 10820
11478 11460
10769 11294
11034 9999
10475 10927
9763 10648
11316 10779
10681 11266
9917 10205
10195 10796
9842 11373
9721 10211
11516 10446
10601 9978
11363 10312
10445 11095
10332 10275
9799 10994
10100 9800
10108 11168
11243 10353
10527 10366
10078 10815
9995 10160
9965 10023
9760 11491
9931 11140
10032 10550
10963 11409
10427 9790
10957 10620
9735 10608
9873 10635
11224 9956
10347 10374
11124 11155
10364 10447
10334 10629
10772 10405
10476 9776
11121 10351
10055 10331
10304 10126
10309 10321
11334 9974
9830 10030
10202 11048
10561 11250
10881 10879
9771 11365
11008 10716
10975 10604
11014 9856
10983 11419
9951 11206
10500 9780
9835 11213
10071 10759
10890 10502
11171 10724
10077 10231
10864 10999
10820 10822
9962 11359
10417 11076
10412 10293
10923 10254
10763 10526
10727 10549
10064 10428
10409 11148
9751 11540
10026 9911
10999 10063
9888 11114
10265 11047
10301 10347
10816 9961
11258 11091
10842 10015
10145 11264
11147 11218
10694 11258
10187 10130
10369 10330
10993 11352
10446 10202
10839 10532
10698 10219
10597 11178
9791 11055
11338 11386
10154 10128
10891 11077
11036 11157
10853 11229
10192 10198
10279 11473
11175 10975
10414 10732
11376 10528
10397 10837
9850 10869
11325 10510
10703 11128
10335 9868
10110 11296
10878 9929
10286 10362
10954 10965
9768 11232
10240 10634
10739 10498
10324 10207
11195 10956
11061 11246
10780 10287
10441 9716
9922 11524
9761 11295
10502 10373
9857 10138
11241 10688
11466 10931
10367 10387
10123 11061
9903 10773
11340 10228
10742 9836
10031 11037
9854 10493
11357 10077
11012 10096
10913 11145
11494 10457
10850 11086
10695 10421
11373 10912
10599 11450
10400 9778
10936 11054
9762 11291
9938 9765
11502 11378
11370 11438
11501 10844
10786 11004
9945 10641
11154 11073
10767 9904
10129 10174
11208 11517
11018 10215
11305 11205
11515 10741
10838 10499
9812 10495
9813 10152
10477 10972
10469 9862
10457 10651
10753 11065
10213 11074
10840 10637
10861 11534
11160 10776
11128 11175
10453 11499
11188 9747
10297 10666
10953 10485
10809 11355
11314 10964
10952 11412
10109 11158
11396 10928
11156 10624
11050 10915
11276 9880
10589 10615
11011 11090
10588 9994
10916 9941
10771 10010
10449 11284
10813 10839
9966 10520
10965 10603
11278 11062
11260 11339
10823 10143
11146 11096
11534 11481
10595 10401
11226 10261
10721 9762
10746 10771
11378 11017
11444 11138
10185 11278
10656 10489
10118 9964
10774 10000
11233 10519
10037 11514
11031 10733
9736 10958
10214 10280
10384 11058
11187 10372
9895 10455
10474 11144
9833 10439
11408 9773
11030 9920
10204 10667
10731 10885
10004 10810
10902 11152
10333 9832
11231 10357
10006 10009
10735 11216
9718 10412
9971 11415
10544 10685
10761 10752
11512 9775
10585 9901
10375 10074
10236 11427
11240 9759
10292 11006
10044 10864
10857 11187
10053 10345
10054 11324
9778 11011
11042 11167
10688 10925
9909 11340
10063 10737
10947 9877
9722 10973
11407 10360
10009 10425
10193 10763
11332 10861
11029 10564
11352 11505
9911 10184
11355 11342
11261 11494
10122 10658
10967 11486
10208 10521
11454 10919
11483 9869
11072 11337
10737 10386
9979 9841
11361 10049
10306 11332
10019 9891
11143 10175
10970 10270
11288 11518
10160 11519
9898 10124
9728 10339
10663 9853
9952 11060
10778 9741
11414 10515
10428 10531
11436 11418
10547 10802
10496 10483
10036 9792
11100 9760
10652 10751
11041 9748
10413 10048
10866 10993
10630 10665
10022 10497
11207 10154
10520 10278
10733 11072
10654 10896
10012 9730
10554 9889
11433 11375
11538 9783
9955 10434
10242 11527
11122 10259
10988 11226
11092 10850
11032 10318
11347 10722
11381 10019
10070 11435
10616 10291
9724 10087
9915 10842
9990 10627
11228 11498
10687 11147
10377 11009
10507 10681
9887 11210
10130 9883
11413 11376
9838 11445
11060 11238
9983 11480
10785 10780
10576 10586
10270 9774
10151 11211
11443 11132
11079 9799
10111 10332
10073 11401
11167 11024
10779 9840
10337 10279
11217 9954
10662 11018
10978 9850
11326 10295
10766 10239
10168 11287
10540 10511
11063 10963
11196 10600
10555 10327
10093 11307
10379 10703
11126 11289
9954 11149
9847 10713
9729 11183
11510 10970
9803 11496
9818 9767
9872 11020
9985 10953
10142 11353
11523 10479
10557 10055
10581 11403
9940 11482
11509 10494
10541 10926
10977 10082
9997 10383
9856 11346
11177 10508
10207 11441
10571 10119
10124 11015
10288 10828
9840 9814
10147 11008
10922 10085
10066 11472
10964 10618
10871 11131
10191 10867
10564 9884
9992 10212
11458 10170
11268 10672
9980 11108
10699 11302
10865 10883
9746 9896
10178 11265
11015 11022
10958 9740
11248 11410
11152 11521
11165 10712
9981 10736
10319 10322
11247 11316
10280 10177
9974 11293
10744 9962
10416 10696
10264 11034
10784 10668
9869 9933
10358 10117
10133 10918
10604 10854
11191 11503
10528 10363
10473 11098
11269 10754
10692 10561
10844 10061
10136 10431
10808 10249
9859 10230
10640 9936
10987 10686
10787 11292
11110 10440
10406 10982
10565 9915
11166 10757
11266 10781
11052 11325
10303 11416
10393 9736
9989 11198
11457 11385
9964 9806
9928 9808
10876 10548
11070 10607
10798 11452
10805 9761
10693 10555
10529 11220
11532 10390
10515 11408
11287 10808
10938 10084
9785 9720
10574 9826
11397 10413
10799 11042
10470 11379
11071 10325
9796 9983
9998 11215
10461 10445
10115 11100
11417 9976
10410 10680
9824 11263
11354 10593
9787 10026
11164 10379
11107 11417
11182 11050
11272 10605
10819 10285
10619 9990
11441 9937
10052 11525
11505 10016
11238 11185
11075 10496
10962 10559
10704 10942
10352 10044
10462 9845
9921 10664
10217 9779
10321 10427
10562 9991
10879 11455
11471 11343
11028 10684
10556 10389
10481 10588
10944 10941
11330 10783
10996 10891
10927 11317
9858 11257
10831 9805
10776 10004
10177 11184
11336 11500
10979 11351
10312 11244
10981 10638
11429 10064
11307 11165
9889 10817
11081 10451
10982 11428
11475 10083
11074 10768
10560 11260
10984 10870
11153 11311
10829 11161
11513 11176
10920 10187
9805 9786
11047 10790
10167 11093
10706 10894
10870 10698
9820 10619
11398 10888
10243 11174
10804 11530
10380 11036
10450 10111
10308 10880
10179 9764
9732 10574
10620 11262
10075 10173
10081 11298
10906 10950
10172 9897
11322 11474
10931 9944
11440 10803
10287 11188
10001 10274
10613 9782
11324 9931
9972 11476
10354 11025
10567 11515
11427 10195
10678 10563
11393 9967
10402 11107
10478 10237
11020 10886
9780 10024
10336 9945
11145 10073
11520 10486
11432 10402
10648 9864
10076 11228
10149 10552
10391 9953
9723 11366
9798 10876
10374 10359
10882 10866
10421 11364
11013 10305
11216 11023
9819 10569
11493 11039
10533 9816
11234 11371
11335 9752
11101 9754
10503 10848
10166 10326
10322 11322
11235 11484
10433 11005
11215 10857
10182 11267
10490 10890
9987 11126
10904 11362
9756 10178
10754 11400
9957 9855
9916 9733
10395 10933
11482 10301
11186 10105
11129 10954
11087 10877
11073 9980
11392 10865
10266 9807
10867 10621
10096 10097
10883 9958
10061 10388
10463 10089
11180 10099
9953 10809
10291 11118
10932 11516
11039 9756
10372 10609
10634 11031
10467 9986
10363 10545
11511 10459
11470 11227
10946 10135
10702 10506
9886 10441
10855 11526
10350 9985
10901 10909
11293 11440
9991 10060
11057 10314
10558 10720
10605 11306
9802 10112
9793 10257
9757 10578
10373 10517
10256 10241
11048 10286
10765 10785
10542 10910
10603 11509
11173 11520
9827 10075
10848 11160
10722 11310
10487 10156
11366 9798
11252 9925
11368 11056
10484 10052
11362 9802
10590 10378
10293 10011
10847 11092
10863 9818
10003 10229
10253 11177
10314 11363
9770 10661
11093 10834
10934 10323
10105 11181
10621 10235
11185 9753
9809 10487
10355 11341
10002 9921
11451 11357
10436 11099
10040 10284
9734 11079
11016 10903
11149 10370
10594 11467
10646 10644
10852 11451
11375 10393
9781 9895
10325 10500
10582 10352
11384 10166
10020 11245
10781 10469
11517 10968
11169 10893
10472 10701
9920 10080
9877 9975
9963 10821
9865 11507
9918 10169
10826 11029
11404 11493
11481 10640
10815 11102
9786 10008
10174 9739
11309 10103
9925 9922
9841 10210
10900 10426
10224 11347
10673 9972
10976 9871
11078 10337
10974 10474
10480 9914
10489 10456
10139 11156
10531 11002
10941 9831
10356 9959
11497 10007
10535 10102
10534 10516
11203 10355
10537 10636
10536 10852
9926 9785
10090 11007
11263 11469
9927 10726
10641 9943
11449 10707
10432 10938
10802 10916
11299 10003
9829 10433
10257 11105
10671 11247
10263 10598
10812 10031
10868 10492
10915 11224
10420 11338
11279 10943
10126 10029
11170 11231
10084 10719
9765 11356
10814 10753
10892 11502
9934 10881
11134 11421
10801 11171
10072 11539
10030 9817
10382 11016
10447 9905
10592 11462
9949 10544
10155 10960
10482 10859
11058 10034
11465 10267
11141 10429
11136 9804
11000 11101
11403 10234
10275 11319
10346 11407
11401 10801
10860 11382
10113 9874
11098 11430
10189 9910
10261 10594
11067 10134
10024 10086
11239 9803
9782 11479
9960 11532
11086 10419
11130 11240
10211 10182
10495 10140
11490 10899
11400 11115
9779 10577
10464 9724
11329 10236
11477 10438
9973 10846
10353 11528
9837 11110
11005 11487
10107 10878
11349 10476
11204 10971
9740 10997
10398 9819
10862 9843
10386 9875
10180 10342
11445 11001
11415 9903
10138 11166
11222 10289
10435 10706
10171 11422
10789 10467
11168 10951
11421 11538
10097 11396
10114 10142
10025 11444
11506 11121
10471 10978
10637 10100
9930 10013
11533 9721
11056 10992
9822 10328
10546 9865
10943 11053
11105 10659
10917 11470
10424 11159
10719 11312
10708 9857
10201 10616
10668 10171
10269 10109
10929 11163
11419 10562
10132 10642
11163 10309
10636 11012
10200 11387
11230 10266
10116 10939
11395 11051
11339 10853
9984 10740
10343 10115
10468 9796
10898 11203
10060 11078
10955 10677
9896 9977
11310 10054
11082 10819
9932 9815
9942 9893
9759 10404
10728 10966
11537 10277
10385 9745
10493 9969
9844 10935
11104 10146
10295 10484
11353 11465
11394 10066
11007 10505
10730 10704
11255 11436
10094 10527
11123 10787
10658 11483
10488 11439
10247 11488
10399 10340
10274 10625
9975 9718
10949 10814
10083 9825
10680 10976
11192 10937
9766 10784
10049 10576
9767 11197
9776 9788
10015 10222
10216 10986
11379 11392
10005 11255
11485 11103
11114 10276
10440 9863
10443 10002
10795 11030
9950 10961
10258 10400
10387 10262
11127 9830
10596 10983
11377 9810
10370 11097
9808 11285
11017 10657
10405 10472
10660 9731
10629 10283
11285 10694
10331 10039
10101 10418
10106 11130
10345 10507
10492 11109
10091 10889
10294 10873
10689 9755
10251 10193
11464 10420
10267 10436
9716 11369
9725 9851
11521 11395
9769 9827
11096 11153
10041 10996
10310 11434
9755 10382
11102 10907
10907 10129
11290 10246
10615 10945
11448 10398
11257 10614
11426 11413
11157 9996
9816 10705
10894 10898
10859 10269
10750 11021
10289 10735
10241 11192
9956 11035
11006 10534
10045 10392
10752 10984
10134 9820
11385 9960
11227 10695
11282 11133
11351 10630
11183 10547
11200 11399
9811 11522
11468 10302
11245 10090
10215 10836
11264 10407
10711 11304
10296 11217
10074 11013
11333 10218
10396 11477
9999 11254
11350 10596
11479 10602
11484 10396
11313 10361
10608 10292
11091 10743
9919 11309
11254 10375
10674 10835
11303 9923
9846 9725
11259 10037
10846 11069
10302 10892
9890 11204
11304 10734
9891 9908
11253 11323
9879 11335
10837 10789
9958 10197
10415 11202
10854 10845
10657 10856
10018 10107
10034 10655
10768 10181
9907 9732
11053 10110
9814 9769
10181 10572
11211 10329
9853 11350
10961 10167
10994 10800
10606 11059
10068 10113
10563 10144
11108 11533
11399 10709
10229 10731
10631 10794
10609 9951
11529 11315
11524 10062
9902 9918
11138 11330
10035 11336
11161 10628
10448 11134
10431 11040
10691 11223
11162 10969
11229 9794
10512 9735
11150 10855
10873 9770
10713 10150
9839 11282
9936 11169
10245 10678
11054 9728
10248 9881
10317 9997
10623 10265
10268 9750
11277 9927
9913 9913
10023 9842
10519 10473
11472 9928
10099 10306
10645 10691
10057 9968
10884 10227
11496 11139
10548 10397
11469 11233
10456 10708
10137 10647
11202 10208
9912 10990
10058 10282
10140 11358
10403 10772
10102 11471
10521 10453
10716 11033
9910 10827
11033 10656
10545 10296
10199 10264
9880 9763
10362 10365
10029 11063
10897 11070
10320 11398
10307 10271
10121 10900
10525 10538
10272 11049
9871 11345
11106 10477
10491 11374
10159 11389
11410 10887
11044 9791
10007 10962
10000 10952
10810 9963
10696 11242
9772 10068
10262 10955
10323 11269
9826 10769
10079 10056
10749 10806
11388 10851
11420 10470
9775 9938
10152 10338
10841 10058
10460 9894
10014 11234
9810 9749
11358 9982
9733 9834
10526 9824
11372 10022
10437 9758
10617 9989
10559 10730
10928 10860
10543 9955
10806 11221
9817 11308
10942 10132
10578 10770
10598 10522
10762 10415
10935 9849
10223 10454
11491 10204
9947 11535
9906 11122
11291 9743
11416 10045
9784 10797
11206 11116
10635 9734
10043 10509
10849 10343
9843 10611
10366 10590
10516 10458
10404 11288
11409 10299
11120 10913
10065 9949
10924 10226
9897 11448
10833 10812
10690 10232
10777 10840
10745 9886
10911 10723
9868 10778
10221 9766
10311 10221
10439 10813
10717 9912
11179 10775
11331 10601
10510 10525
10877 10765
10912 10256
11402 11447
10682 10904
11210 11372
9860 10782
10237 10311
11382 10350
11103 10368
11346 11383
10298 10377
9815 10671
10532 11367
11214 11014
9943 10057
10162 9878
11447 10133
10997 10348
10514 10411
11489 9885
11297 10443
9899 11112
11452 10530
10339 10863
11090 9950
11118 11071
10845 11154
10751 10151
11197 10977
10360 11286
9994 10792
10143 9979
11289 10652
9894 10038
10444 11391
11022 9973
10919 11381
10980 11297
10655 10902
10205 11195
10591 10148
10959 10217
10600 11111
9852 10793
10647 11331
11148 10255
10572 9899
9993 10224
11209 10758
10783 10690
10729 10017
11184 10689
10010 10081
11438 10079
10886 10949
11219 10760
10705 10161
10235 10670
9744 10242
11189 11466
10517 10739
10889 11501
10683 10303
11343 11088
11025 10463
10828 11120
11508 10027
11084 10654
10069 10560
9742 9872
10757 9984
10498 11280
10422 11446
11476 11279
9743 10571
11256 9746
10290 9873
10930 10092
11337 10599
10238 10592
10371 10989
10454 10437
10550 10333
10807 10021
11142 10025
11125 11283
11212 11485
10607 10682
11265 11425
11315 10344
11158 10189
10016 10750
10170 11026
10593 10791
10394 10449
9848 10825
10945 10106
11539 10319
9969 10556
11194 10468
10685 10185
11535 10121
9959 11299
10723 10831
11140 10632
10738 9738
9792 9771
11498 11046
11405 11510
10150 11089
10392 10335
9828 10568
11010 11326
10972 9797
10067 9965
11386 10164
11273 9879
9727 10947
11442 11182
10622 10518
10633 10369
11487 10849
11097 10795
10173 10995
11037 11268
10271 10042
10425 10897
11514 9935
11109 9839
11004 10268
9862 9812
9750 10606
10141 9866
11425 10646
11530 10922
10254 9768
11365 10423
10782 10043
11504 9998
10161 9924
10135 11301
10790 10131
10430 10566
11198 10452
10357 11536
11308 9854
10008 11508
10639 10180
10759 10998
10551 10811
10791 10240
10222 9837
10128 10622
10793 9789
10158 10721
10518 10071
10494 10504
11418 11384
11038 10761
9831 11141
10584 10932
11306 10946
10818 10756
9861 10364
10164 11044
10587 9848
9948 10036
11383 10480
10552 10258
10990 11523
10666 10168
11076 10461
10632 10403
10163 9861
10426 11019
10998 10591
10183 10683
10659 10558
9986 10005
11522 10213
10626 10826
10327 9744
11270 9809
11495 10116
9874 10764
11456 10465
10504 11038
11460 11344
10530 10095
9783 9781
11051 9835
11088 11368
9834 11251
11221 10981
10677 10139
10273 10149
10338 10643
10455 11150
10027 11239
11311 11529
10710 10944
11077 11504
9892 10179
11422 11000
10822 10914
9773 9727
11462 10662
10255 11225
10039 11431
11244 10422
10628 11151
10914 11243
11178 9844
11089 11241
10724 10186
10612 10700
10407 10203
11144 11123
10653 11119
10206 9717
10888 10248
10095 11142
11540 10930
9797 10589
11001 10729
10830 11281
10376 11478
9893 10346
10743 10546
10992 10934
9748 10153
10042 10679
11455 10223
10186 11082
11525 11405
10466 10371
10465 10394
10811 10868
11275 10551
11021 10687
9866 10310
9752 9793
11115 11194
10250 10988
10086 11333
10524 10201
11172 11354
11371 10165
10511 9822
10770 9939
10260 10076
10856 11143
10411 10127
10144 10762
11083 10777
10088 10697
11480 11513
10165 11125
10638 11314
11284 11506
10758 10631
9970 10669
10843 11305
10896 10979
11133 10300
10047 9867
10442 11394
10718 10320
10522 11075
9884 10699
10583 10307
11201 11464
11045 10645
9908 10209
10313 11087
9758 11235
10741 10225
9939 10192
10383 10533
10244 10875
9795 11390
10794 9970
11342 10035
11040 11489
11461 11068
11294 10191
11151 10639
10429 9860
11446 11196
10573 10567
10278 10313
10669 10349
9977 11043
11500 10987
9946 9726
10351 10252
10715 11137
10281 10613
10300 10749
9867 11433
10740 10417
10028 10832
10700 9971
11434 10512
9749 10623
10893 10273
10505 10385
11139 10884
10568 10172
10773 11041
10661 11420
10359 9932
11507 10094
10756 10693
10131 11361
10549 11085
11019 10155
9961 10444
9978 10216
11281 10281
10156 11457
11267 10263
10146 11274
10011 11423
11174 10824
11317 11236
10381 11461
11344 9858
11486 10145
10971 11164
10082 11537
10709 10238
11323 11497
10755 11253
9875 10805
9754 11129
11068 10358
11519 9888
10127 10833
11301 11214
11367 10297
10627 10535
9745 10354
9726 10490
10825 11127
10210 10862
11389 10046
11492 11276
10013 10018
11435 10804
10341 9947
9801 9838
10707 9846
10827 9898
10233 10663
10388 11432
9864 10137
10226 10464
11237 10336
11223 10442
9944 10974
10918 10786
10624 11456
10190 10523
10969 10414
10285 10727
10736 10399
11176 9940
11117 11208
11250 9811
10228 11212
9737 9981
10642 11272
9717 11270
10649 11207
9832 10430
11527 11313
10021 9926
11159 11179
10821 11406
10956 9876
11321 10123
10184 10908
9905 10766
10670 10901
9804 10539
10712 10104
10486 10158
11298 10125
11369 11404
9790 10482
11199 9902
10788 10122
9967 11010
11503 10069
11055 11083
10277 10395
11345 10159
10506 9757
11428 10674
10986 11219
10910 11180
11467 10243
11300 9722
10048 9784
11027 11454
10720 10247
10169 10882
10539 10917
10318 10711
11220 10163
10299 10288
10734 10190
10344 11290
11312 9892
10497 10582
10479 10823
11116 11117
10368 10503
9881 9992
11380 11136
11251 9833
11131 10093
10760 11209
10349 11458
9747 9957
11026 10408
10305 10488
10389 10744
11390 9995
11249 11201
11213 10380
10284 11200
10991 10220
9855 11397
11111 11252
9904 9859
11406 11199
10803 10660
10408 11475
10342 11511
9863 10911
9851 10747
9988 10829
10252 9723
11296 10742
11002 10290
10378 10356
9996 10014
9982 10948
10085 10176
11262 10565
10056 10450
9807 10692
10973 10028
10087 11135
10580 11442
11528 10432
11218 10573
9730 9934
10569 10923
10834 11237
10995 9916
9836 9801
10246 10416
10764 9772
10340 11429
10895 9870
11099 11003
9933 10272
11518 9821
11135 11084
11283 10033
10485 9917
10960 10233
9753 11190
10050 11426
11286 11449
10664 10728
10625 10755
10880 10541
10434 11275
10209 10406
10797 10529
9738 11327
9800 10626
10665 10830
11302 9729
10483 11402
10120 10108
11023 11303
11328 11329
11374 10967
10499 9829
9976 11261
10092 10725
11095 11492
10926 11377
10792 11222
10835 11468
11236 11172
11274 9795
9825 9946
9876 10818
10686 11459
11319 11512
10872 10183
10501 10774
11205 10570
10390 10841
10800 9906
9968 10554
9937 10872
11119 10194
10951 10798
10684 11490
9883 10367
10937 10905
11364 10120
10726 10200
11499 10843
10939 11067
10611 10481
10643 10871
10817 9751
9870 11189
10989 11104
11069 11191
10046 10448
10851 10460
11412 10746
11473 10595
11003 10807
10089 9907
10458 10537
10697 10633
11242 10316
10875 10612
10523 10341
9794 10050
10672 10136
9719 10702
10899 10409
11341 11106
10176 9787
10614 11414
11526 10199
11046 10587
10330 10294
9914 11360
9720 10649
11132 10381
9935 10462
10104 9948
10423 10147
10586 11028
11430 10253
10747 10653
10908 9993
10231 11081
11065 10745
11112 10041
11423 10012
10232 10738
10858 9966
9821 11443
9789 10020
10227 10162
10329 10070
10538 11064
10419 9988
11474 10553
10153 10597
10438 9847
11062 9890
9806 10141
10577 11052
11035 10816
11424 11424
10836 10088
10618 11349
10775 10244
10925 10114
10869 10308
11431 10435
10824 10940
10283 9719
10230 10001
10125 10006
9764 11045
9885 10929
10234 11328
10348 11370
9878 10206
10553 10959
10117 9887
10905 10957
10203 10717
9777 10980
9739 10799
9845 11380
11280 11393
10509 11193
10059 11463
11327 9952
11181 11066
9929 11248
11009 10491
10249 9742
10933 10391
11387 10557
10219 10067
10401 10471
11059 10710
11459 10583
10679 10304
10188 10838
9849 10251
10112 11027
10220 10475
10610 10575
11295 11186
11225 11334
11292 10032
10218 9777
10119 11256
10701 11249
10157 10065
10940 10334
11453 10580
11271 11162
10667 10059
11024 10543
11193 11495
10148 10250
11064 10376
11043 9737
